LR: .005
0  final-2     1  0.636364   0.684211  0.520000  0.590909   0.520000     0.755102
1  final-2     2  0.701923   0.685185  0.725490  0.704762   0.725490     0.679245
2  final-2     3  0.721154   0.685714  0.872727  0.768000   0.872727     0.551020
3  final-2     4  0.640777   0.680851  0.592593  0.633663   0.592593     0.693878
4  final-2     5  0.601942   0.615385  0.603774  0.609524   0.603774     0.600000
5  final-2     6  0.666667   0.714286  0.576923  0.638298   0.576923     0.760000
6  final-2     7  0.654206   0.654545  0.666667  0.660550   0.666667     0.641509
7  final-2     8  0.601942   0.650000  0.490566  0.559140   0.490566     0.720000
8  final-2     9  0.622642   0.633333  0.678571  0.655172   0.678571     0.560000
9  final-2    10  0.663462   0.666667  0.653846  0.660194   0.653846     0.673077
0  final-2  Mean  0.651108   0.667018  0.638116  0.648021   0.638116     0.663383

LR: .005, Momentum: .7 -> .9
0  final-2     1  0.676768   0.704545  0.620000  0.659574   0.620000     0.734694
1  final-2     2  0.692308   0.672727  0.725490  0.698113   0.725490     0.660377
2  final-2     3  0.750000   0.723077  0.854545  0.783333   0.854545     0.632653
3  final-2     4  0.660194   0.679245  0.666667  0.672897   0.666667     0.653061
4  final-2     5  0.621359   0.594595  0.830189  0.692913   0.830189     0.400000
5  final-2     6  0.666667   0.846154  0.423077  0.564103   0.423077     0.920000
6  final-2     7  0.635514   0.636364  0.648148  0.642202   0.648148     0.622642
7  final-2     8  0.572816   0.636364  0.396226  0.488372   0.396226     0.760000
8  final-2     9  0.679245   0.671875  0.767857  0.716667   0.767857     0.580000
9  final-2    10  0.682692   0.672727  0.711538  0.691589   0.711538     0.653846
0  final-2  Mean  0.663756   0.683767  0.664374  0.660976   0.664374     0.661727

LR: .005, Momentum: .5 -> .9, Dropout: h2 = .8
0  final-2     1  0.686869   0.661017  0.780000  0.715596   0.780000     0.591837
1  final-2     2  0.701923   0.685185  0.725490  0.704762   0.725490     0.679245
2  final-2     3  0.701923   0.687500  0.800000  0.739496   0.800000     0.591837
3  final-2     4  0.679612   0.656716  0.814815  0.727273   0.814815     0.530612
4  final-2     5  0.621359   0.602941  0.773585  0.677686   0.773585     0.460000
5  final-2     6  0.715686   0.780488  0.615385  0.688172   0.615385     0.820000
6  final-2     7  0.616822   0.627451  0.592593  0.609524   0.592593     0.641509
7  final-2     8  0.601942   0.588235  0.754717  0.661157   0.754717     0.440000
8  final-2     9  0.745283   0.784314  0.714286  0.747664   0.714286     0.780000
9  final-2    10  0.653846   0.633333  0.730769  0.678571   0.730769     0.576923
0  final-2  Mean  0.672527   0.670718  0.730164  0.694990   0.730164     0.611196

LR: .005, Momentum: .5 -> .9, Dropout: h1 = .6, h2 = .8 (no scale)
0  final-2     1  0.696970   0.794118  0.540000  0.642857   0.540000     0.857143
1  final-2     2  0.692308   0.702128  0.647059  0.673469   0.647059     0.735849
2  final-2     3  0.740385   0.733333  0.800000  0.765217   0.800000     0.673469
3  final-2     4  0.669903   0.738095  0.574074  0.645833   0.574074     0.775510
4  final-2     5  0.631068   0.641509  0.641509  0.641509   0.641509     0.620000
5  final-2     6  0.705882   0.683333  0.788462  0.732143   0.788462     0.620000
6  final-2     7  0.626168   0.645833  0.574074  0.607843   0.574074     0.679245
7  final-2     8  0.669903   0.711111  0.603774  0.653061   0.603774     0.740000
8  final-2     9  0.716981   0.716667  0.767857  0.741379   0.767857     0.660000
9  final-2    10  0.682692   0.661017  0.750000  0.702703   0.750000     0.615385
0  final-2  Mean  0.683226   0.702714  0.668681  0.680602   0.668681     0.697660

LR: .002, Momentum: .5 -> .9, Dropout: h1 = .6, h2 = .8
0  final-2     1  0.707071   0.733333  0.660000  0.694737   0.660000     0.755102
1  final-2     2  0.692308   0.672727  0.725490  0.698113   0.725490     0.660377
2  final-2     3  0.730769   0.684932  0.909091  0.781250   0.909091     0.530612
3  final-2     4  0.669903   0.685185  0.685185  0.685185   0.685185     0.653061
4  final-2     5  0.640777   0.625000  0.754717  0.683761   0.754717     0.520000
5  final-2     6  0.715686   0.744681  0.673077  0.707071   0.673077     0.760000
6  final-2     7  0.607477   0.603448  0.648148  0.625000   0.648148     0.566038
7  final-2     8  0.660194   0.704545  0.584906  0.639175   0.584906     0.740000
8  final-2     9  0.688679   0.671642  0.803571  0.731707   0.803571     0.560000
9  final-2    10  0.701923   0.690909  0.730769  0.710280   0.730769     0.673077
0  final-2  Mean  0.681479   0.681640  0.717495  0.695628   0.717495     0.641827

LR: .008, Momentum: .5 -> .9, Dropout: h1 = .6, h2 = .8
0  final-2     1  0.676768   0.666667  0.720000  0.692308   0.720000     0.632653
1  final-2     2  0.692308   0.666667  0.745098  0.703704   0.745098     0.641509
2  final-2     3  0.721154   0.696970  0.836364  0.760331   0.836364     0.591837
3  final-2     4  0.660194   0.655738  0.740741  0.695652   0.740741     0.571429
4  final-2     5  0.621359   0.606061  0.754717  0.672269   0.754717     0.480000
5  final-2     6  0.686275   0.651515  0.826923  0.728814   0.826923     0.540000
6  final-2     7  0.598131   0.603774  0.592593  0.598131   0.592593     0.603774
7  final-2     8  0.708738   0.767442  0.622642  0.687500   0.622642     0.800000
8  final-2     9  0.726415   0.754717  0.714286  0.733945   0.714286     0.740000
9  final-2    10  0.673077   0.640625  0.788462  0.706897   0.788462     0.557692
0  final-2  Mean  0.676442   0.671017  0.734182  0.697955   0.734182     0.615889

LR: .005, Momentum: .5 -> .9, Dropout: h1 = .6, h2 = .8, batchwise dropout
0  final-2     1  0.676768   0.704545  0.620000  0.659574   0.620000     0.734694
1  final-2     2  0.701923   0.692308  0.705882  0.699029   0.705882     0.698113
2  final-2     3  0.663462   0.666667  0.727273  0.695652   0.727273     0.591837
3  final-2     4  0.669903   0.727273  0.592593  0.653061   0.592593     0.755102
4  final-2     5  0.640777   0.608108  0.849057  0.708661   0.849057     0.420000
5  final-2     6  0.715686   0.661972  0.903846  0.764228   0.903846     0.520000
6  final-2     7  0.598131   0.617021  0.537037  0.574257   0.537037     0.660377
7  final-2     8  0.699029   0.750000  0.622642  0.680412   0.622642     0.780000
8  final-2     9  0.726415   0.800000  0.642857  0.712871   0.642857     0.820000
9  final-2    10  0.682692   0.693878  0.653846  0.673267   0.653846     0.711538
0  final-2  Mean  0.677479   0.692177  0.685503  0.682101   0.685503     0.669166

LR: .005, Momentum: .5 -> .9, Dropout: h1 = .6, h2 = .8
0  final-2     1  0.707071   0.714286  0.700000  0.707071   0.700000     0.714286
1  final-2     2  0.701923   0.678571  0.745098  0.710280   0.745098     0.660377
2  final-2     3  0.711538   0.671233  0.890909  0.765625   0.890909     0.510204
3  final-2     4  0.679612   0.672131  0.759259  0.713043   0.759259     0.591837
4  final-2     5  0.621359   0.602941  0.773585  0.677686   0.773585     0.460000
5  final-2     6  0.735294   0.719298  0.788462  0.752294   0.788462     0.680000
6  final-2     7  0.598131   0.617021  0.537037  0.574257   0.537037     0.660377
7  final-2     8  0.660194   0.695652  0.603774  0.646465   0.603774     0.720000
8  final-2     9  0.745283   0.795918  0.696429  0.742857   0.696429     0.800000
9  final-2    10  0.692308   0.656250  0.807692  0.724138   0.807692     0.576923
0  final-2  Mean  0.685271   0.682330  0.730224  0.701372   0.730224     0.637400

LR: .004, Momentum: .5 -> .9, Dropout: h1 = .6, h2 = .8
0  final-2     1  0.686869   0.679245  0.720000  0.699029   0.720000     0.653061
1  final-2     2  0.692308   0.666667  0.745098  0.703704   0.745098     0.641509
2  final-2     3  0.682692   0.657143  0.836364  0.736000   0.836364     0.510204
3  final-2     4  0.650485   0.650000  0.722222  0.684211   0.722222     0.571429
4  final-2     5  0.621359   0.600000  0.792453  0.682927   0.792453     0.440000
5  final-2     6  0.725490   0.714286  0.769231  0.740741   0.769231     0.680000
6  final-2     7  0.598131   0.607843  0.574074  0.590476   0.574074     0.622642
7  final-2     8  0.601942   0.650000  0.490566  0.559140   0.490566     0.720000
8  final-2     9  0.688679   0.661972  0.839286  0.740157   0.839286     0.520000
9  final-2    10  0.653846   0.666667  0.615385  0.640000   0.615385     0.692308
0  final-2  Mean  0.660180   0.655382  0.710468  0.677638   0.710468     0.605115

LR: .006, Momentum: .5 -> .9, Dropout: h1 = .6, h2 = .8
0  final-2     1  0.686869   0.679245  0.720000  0.699029   0.720000     0.653061
1  final-2     2  0.682692   0.660714  0.725490  0.691589   0.725490     0.641509
2  final-2     3  0.750000   0.737705  0.818182  0.775862   0.818182     0.673469
3  final-2     4  0.718447   0.745098  0.703704  0.723810   0.703704     0.734694
4  final-2     5  0.640777   0.614286  0.811321  0.699187   0.811321     0.460000
5  final-2     6  0.725490   0.750000  0.692308  0.720000   0.692308     0.760000
6  final-2     7  0.616822   0.627451  0.592593  0.609524   0.592593     0.641509
7  final-2     8  0.708738   0.701754  0.754717  0.727273   0.754717     0.660000
8  final-2     9  0.716981   0.709677  0.785714  0.745763   0.785714     0.640000
9  final-2    10  0.653846   0.633333  0.730769  0.678571   0.730769     0.576923
0  final-2  Mean  0.690066   0.685926  0.733480  0.707061   0.733480     0.644117

LR: .006, Momentum: .5 -> .9, Dropout: h1 = .6, h2 = .6